18327
29167
6168
29168
19712
8714
24478
15599
30405
17053
22882
17150
29239
17158
29246
17072
30851
28630
21428
21429
21383
10116
21384
17871
1014
21385
1013
17870
10122
21386
28348
28472
29478
28583
21320
29464
15187
28590
22079
21249
22852
28591
908
909
28592
28594
911
22080
1019
28593
31832
26499
18193
9871
30523
26098
30516
9870
18192
21793
23845
11966
11751
10788
27472
22215
27484
22217
7231
10785
8179
10794
23839
29787
30380
11757
28201
27547
27517
18385
28167
29595
17930
32903
24475
18551
26015
28822
19808
26065
14256
28074
11764
31227
24838
11763
31237
13597
26077
26076
27878
24214
31701
17606
19741
18647
23853
22641
31154
14368
11765
23661
15756
11693
21222
33146
31730
27815
23829
26982
25297
25298
31833
26496
30600
31822
26477
31820
26480
27834
9907
20785
22741
26688
26781
24083
18099
26973
28942
14535
28944
9909
26689
24082
20197
19719
12489
26895
23652
30781
30782
30783
30784
23435
23429
26791
7585
19720
20783
30785
20786
32084
28938
18061
28939
18060
28940
32141
18063
28941
32607
18062
18941
4371
19726
15662
10739
28945
23831
4372
29110
31792
31791
14553
29731
31321
26166
28656
18692
3533
28655
32039
22406
8087
32291
22124
23980
29614
23855
11768
10829
20943
29329
26718
23672
23671
19061
22042
30759
24189
22044
23667
23668
23666
29494
22497
23669
23670
32828
30757
29493
29492
29495
23986
10833
9329
15947
23702
29656
29655
30506
29732
16635
32336
9691
26780
26937
21200
16853
18965
15611
10839
20017
20013
16485
10835
15624
15610
20015
20016
20014
10838
10837
10836
15613
15614
10841
15609
10842
20019
4455
15615
10843
10844
15617
15616
10845
15619
15623
20020
10847
20021
10848
10849
15618
20018
15622
10850
15620
10852
20022
10854
19995
19996
19997
19998
10863
10866
10869
10872
20000
10877
20002
10881
20009
20007
20005
20006
20012
7534
10887
23824
19696
22427
32841
16392
14980
17329
11445
14166
9080
31046
31055
26373
12594
17078
28678
30427
21931
1018
7342
18949
25452
1701
9767
11243
1699
1700
17598
25385
11327
6601
6602
6603
675
4568
682
20251
31849
7640
30505
32290
28238
9466
32958
32959
26542
5069
26537
17081
18718
18717
18716
22898
8088
31893
20697
8096
13945
31218
24069
19850
31936
8093
18379
22058
13609
13927
18380
5926
31520
31517
16598
24075
29316
28891
23001
25100
29315
26175
13956
25101
31508
13955
26146
15338
8735
24073
2303
2879
6739
6746
6544
18581
21859
26010
28667
22589
12234
30388
31169
23740
30769
18360
25082
15266
15058
31847
24812
23330
26029
25048
26032
20925
26028
14424
22293
31072
28876
17558
17497
17548
17533
17534
17539
22277
17564
17563
22292
17552
17493
28349
28631
17509
17510
29497
17513
17514
17505
17506
21827
21825
30513
17569
11602
21269
25350
25349
25351
25352
21690
25488
31110
19777
31112
21112
24902
24914
24903
24904
24905
6571
24908
17277
17037
24883
30681
18548
30861
28235
28234
8121
31286
21111
24421
6111
25086
21846
11691
30522
11772
32209
32904
32906
32442
9762
14536
32184
25072
28085
24419
12845
29456
24408
28487
24410
28488
24412
24406
24414
24416
20034
28220
30430
30531
30461
28253
28783
30532
30442
30486
20096
28208
28242
28794
30451
20045
9393
30579
30557
30558
29712
14446
12352
28122
23087
25209
25198
23119
14443
33102
19005
19009
27796
12241
22823
17689
11776
28353
21981
21010
31683
11777
25375
25853
30788
17800
33161
30835
25879
6381
19950
967
9564
19959
30815
17844
28057
28710
17848
26152
17852
25443
23560
25887
17860
30847
9763
15268
14944
18362
14945
15521
29014
18363
14946
15293
30393
30634
24868
30598
30610
9498
19832
30629
30633
19848
2564
30646
3441
19842
30615
30620
2563
23460
31005
31997
19212
10895
11970
23859
11780
24862
10894
23872
23988
11971
11972
23860
11781
10896
11785
24301
12770
10902
24859
17086
10348
12656
25390
12655
32255
32293
32250
27809
15731
15729
30752
30751
30748
30750
23580
1584
31721
21226
24715
25489
18091
10655
20202
18682
18683
18684
20730
18685
20731
20733
20732
21341
29666
29667
29531
14026
32302
4296
18587
26630
28517
22127
21542
30738
30742
26626
21941
30745
26892
32905
19725
23649
1404
30776
32771
18630
19806
29589
21519
10809
18631
18644
32759
21511
5570
23403
26734
26011
23741
4471
13958
30044
6605
4474
12273
30047
6999
6687
15068
32585
15066
30094
30091
30092
30090
20869
18655
28644
17418
31691
7710
29771
16984
31438
32164
32165
9
15449
19986
19987
15765
16842
15766
14188
14464
6005
24473
19016
19015
18549
16608
23996
30354
1243
11710
16183
2100
2098
2105
23797
23798
23800
31795
32506
22996
6598
24076
13628
20782
6399
28698
28699
6402
33067
25945
28569
29620
13750
9854
11791
24370
10912
31669
23714
23408
13857
11790
26009
12806
13749
24198
10690
9171
10687
9170
10691
9173
31484
9174
31485
10688
31482
13324
23012
32489
24310
23013
29160
13321
18998
18996
24313
23999
31671
13322
24317
13323
24316
24001
23011
24315
31812
24000
14823
17597
25094
28570
17354
8960
17353
26349
26348
29621
20774
20447
20442
32203
31562
32451
32210
32211
24296
24298
23801
20261
18483
2102
23795
23796
24378
31815
10934
10909
8321
17281
13855
23873
11798
4573
31654
12415
22093
31652
13856
10919
23874
719
11796
20840
31653
31589
12265
12220
21937
21935
22053
31294
32498
24913
10405
23073
32074
29102
27040
23281
24568
12271
16722
16755
26141
25666
19492
29328
27041
19702
19491
23304
23297
9352
17677
16667
26611
23311
20654
20653
15200
17137
25732
21107
30201
28077
30205
28082
30183
30178
32229
11975
23877
10921
11801
23880
12282
20958
24004
19287
10925
11805
11979
23883
24877
21956
27857
28105
32071
28106
30867
28007
23503
29593
33046
27794
12315
12314
27795
18980
22431
20748
8216
10115
6448
13700
32233
28231
10068
19738
19744
31105
31069
31118
24918
32340
25038
18090
22496
31287
7212
20196
20746
14416
31161
14250
26520
9265
32883
14489
27156
31808
18705
31807
18704
30166
3490
2097
31109
19748
31323
31042
12505
31254
27808
26942
18916
27290
31036
31034
31037
31035
14878
27006
18092
31461
18098
14839
2205
22450
20149
15709
27836
20138
31160
10333
27010
28946
25258
1791
20347
22453
9331
12483
17996
28841
20168
25273
18586
32486
22446
20192
25692
20355
10274
14624
10243
14911
12432
12438
20150
23442
20399
14632
19838
23441
23439
21606
31907
27793
17330
10383
20781
21557
15713
12424
17978
27017
25280
22442
27024
19824
26194
17961
28833
25283
25701
10237
27026
14557
26691
14539
19809
20377
16859
13748
15055
12458
12463
20158
20401
19815
18097
12494
22461
22470
22204
27042
22208
27049
30948
30938
30946
30947
30945
30944
23882
13025
27155
17400
18816
16430
10609
17318
23729
28888
31228
28393
17321
11809
27099
21704
23889
16443
27149
30943
27084
33243
33241
33238
33235
9098
33237
27150
20589
27151
8993
27158
27160
33233
20633
24930
16447
18815
21705
7657
14787
31027
30994
30990
17580
30155
30154
14386
28545
28550
29699
31835
26492
31838
31831
26482
26495
26483
31839
31826
31843
26488
27079
32109
31150
25933
15792
30658
30657
7193
14223
14226
31868
23111
13917
22854
14362
31706
31974
22695
31975
14912
17935
23135
31977
32490
22845
28236
31976
22645
22863
22861
31940
28099
13004
16915
2083711111
31814
1699711111
28571
19325
25301
22860
31892
10170
29625
17407
26362
13963
31781
14274
22038
23109
23623
27561
20962
24367
32884
18709
30371
31488
10224
14148
30375
31492
20871
9292
6655
11742
6485
1293
7519
20058
31621
20057
12872
28119
24932
27380
28038
18992
26893
11566
11565
23735
21635
30770
31011
31001
23690
24704
14778
24705
14779
21851
24756
23835
24888
21653
21654
33229
24467
30736
30730
24757
23685
18999
28713
28714
28875
6811
32895
18713
28874
28716
28715
6814
10797
3466
21592
29600
31915
24720
24723
31449
26712
23427
30169
30756
26073
21414
17520
1264
9141
21888
28575
28460
7001
8821
6987
17663
28338
6994
28345
31799
28319
10427
20595
22094
8357
31670
12751
7221
1787
18416
14152
3364
32557
26096
28006
32571
28061
20186
26786
18953
20739
23495
31779
11729
2194
19730
20448
26695
19105
13196
17097
27334
19052
19049
19053
19050
19054
19051
3962
13715
8342
9874
23430
30422
32523
26990
15602
24484
25119
32002
31013
31989
31597
13199
21999
24046
25121
11625
6620
32862
10940
22099
31553
10943
8355
19111
19122
19108
10948
23891
11810
11982
20964
13315
24011
31595
22001
11814
10950
31594
31606
32864
24371
10954
11985
23895
10955
11818
30996
19721
23300
23298
23299
23302
23301
26871
22150
8065
32615
13946
25084
15269
25160
20565
32616
25161
31253
14213
10674
32635
20461
18337
9151
25157
20460
14143
28664
10229
9765
17202
20935
9357
16769
25305
14144
28663
10230
9766
20936
12250
16770
26374
9358
5922
11328
29499
30649
30266
21113
24718
21691
29603
25088
9152
9153
18883
1410
15328
28435
23742
15333
30760
25835
21646
28154
31878
23751
31435
31870
32202
10060
28427
28366
26696
26697
18863
22638
31441
15329
23750
28430
17777
16252
6872
18861
31315
19183
18954
17778
10062
6873
28092
17779
28138
26195
31733
1753
6874
28965
27554
31858
28155
13534
32023
18862
9312
23046
26792
24514
24088
19749
16215
9946
25947
7723
12960
30952
23173
29199
29327
25358
7730
30966
23183
25951
20777
29207
30754
24960
29481
7737
30980
23193
25952
16827
29215
30913
24971
29483
24978
18787
24991
18797
25004
18804
21310
25760
23211
28486
22632
26555
23205
27952
30928
29238
23208
22635
26456
27954
29235
30755
11562
23738
30765
30768
30763
11563
23739
30766
30767
30764
11383
20865
20866
6044
14465
9275
9268
18426
9278
15556
32577
32576
30327
20830
18414
9509
30337
27475
15198
20395
30331
17794
32268
30292
19853
29928
10123
19417
30311
21390
21319
29927
29475
29461
28595
28596
14917
25299
25300
27810
25790
25765
25755
29633
32122
15084
13885
15078
25035
29630
15085
14966
28197
13890
26977
15810
15815
29636
16791
332
82
9474
30345
11275
24022
31051
20850
31824
26497
31834
26498
11564
23736
30771
11567
23737
30777
30774
19419
26087
10187
28625
12606
26019
32362
19458
21245
32266
11824
24292
13614
13850
31220
30520
18387
28165
29596
30729
24873
24909
17931
30991
30999
28265
2435
28441
20934
29151
32448
12513
2437
28438
28442
32166
5737
28443
31487
18693
14834
28445
29155
32167
28562
18855
29816
3643
32450
5739
6660
22324
31854
32628
20255
11209
22330
20256
33023
20258
6009
32922
32910
32931
7818
28825
32915
32914
12975
12970
32912
32918
32934
32929
15274
12971
32936
15275
15276
30746
21855
21856
30384
30731
24875
25769
28163
29290
18389
31768
28164
18715
23716
29376
3253
29378
24880
24882
3255
18388
28168
29598
17933
24881
27921
22910
22912
24797
22911
32200
30862
28919
18018
21118
17050
30424
23431
32520
26991
14948
14140
10639
10231
9145
10751
9183
30852
10668
18972
28240
30060
30059
28241
30061
30058
30602
17619
17618
13610
31575
31680
28391
29500
28808
23640
16837
20791
25113
29662
32251
20780
25786
21330
13129
21327
14825
10799
32169
21989
21990
19768
27771
14538
26779
31717
31718
31716
18952
26500
31837
29642
31496
31888
32848
29707
31890
31171
23399
25746
25745
10656
27789
26607
20281
24052
30320
21621
26610
24060
406
13545
411
18333
22831
3493
26238
18905
18914
20650
2557
31735
31765
8049
5117
15732
9285
14820
8886
20093
14208
28397
1447
29289
26705
32525
32531
32530
32572
26701
18403
20325
1209
7650
1198
23062
23063
18406
18409
1208
1448
14407
25467
10108
10125
10107
18384
8003
23066
23067
8846
1195
29260
29286
32556
1193
22283
18400
1205
1213
3183
22738
22734
6679
26703
32527
13592
11236
1155
9696
4334
1190
1449
26698
4333
30084
30082
30085
30083
5884
10417
26699
22733
1450
29285
32543
32545
32537
32536
32533
32541
32549
32551
32553
32547
32555
32539
22731
1502
29506
26471
29502
26472
22499
18960
7187
11285
30780
990
9281
19496
9283
20284
21984
25791
23644
11282
30778
30779
22024
18981
23654
29511
32331
8345
20232
25938
25934
4273
32805
1442
27753
14564
22879
8054
22866
23457
9222
25236
32085
30163
30174
22273
30671
27752
22322
30170
30160
27746
22877
20616
23333
14347
31561
22872
10473
27749
23637
26475
23634
14240
28881
22869
22146
21588
17181
24695
25235
31455
24450
7066
14180
28691
28690
27918
21580
24700
12822
9294
12815
32073
26376
10215
27558
17386
11827
22210
23214
21636
29318
29368
31450
20619
25234
11732
27060
22211
27748
22875
9491
10474
27847
22744
11831
31530
10727
10964
23907
24085
31024
11326
2445
22903
30786
22914
14774
15733
15734
19179
14470
21239
22850
31133
31210
31202
31140
31126
27814
18708
18707
18706
14836
20094
29187
29186
31174
20426
1144
12512
12511
31897
31896
22297
22296
16117
16115
16114
16423
16424
28094
25451
24916
30865
23787
31312
24789
28174
25448
22920
22916
27966
30258
30246
30228
30252
30240
30234
28813
18418
9286
28812
15735
1463
1462
9287
15736
21333
6012
11569
21353
31297
31300
32042
32040
32041
31301
31304
31305
22051
31292
30519
19457
14251
25391
26938
27080
17144
26690
23662
22077
31715
20435
20436
13746
27761
32938
5391
31738
32945
9019
14776
15008
30936
20788
27163
8110
31722
30361
22147
28635
26589
20075
24379
25830
27989
10967
17282
31541
23916
11837
31511
31512
24362
24365
10968
31543
20857
21270
23719
10819
24361
25832
10973
31545
31664
11838
27983
10649
21724
26258
6250
17690
17799
31813
9873
31790
26363
8841
22141
16352
14367
14423
28935
28934
28823
21844
21843
21842
26993
26995
26997
22710
33049
15209
16675
12214
16668
16885
16893
31565
13813
13833
16887
16883
23275
23266
23264
23262
28863
23823
24562
24550
24549
24551
26578
26604
15213
16678
12208
16676
16752
16744
16759
16748
16758
26127
26129
26118
26117
22523
22563
22565
22562
23163
23269
23156
22552
22573
22575
22572
25635
25656
25657
14851
13826
13827
13818
23230
23226
23222
16681
15217
16689
25886
26157
9392
16521
16516
21469
21978
16510
20898
13801
15221
14856
15453
12247
12248
12244
12243
31566
31567
31572
20557
28638
29103
32830
21854
32215
20558
32620
28637
6930
17041
24422
27082
22025
27056
25838
25139
23836
32001
31982
31998
31016
19154
25140
27493
22231
19075
22233
27485
10974
11849
11997
24194
10988
11852
12000
24277
19150
11840
10977
23926
11988
11845
10982
23927
11993
21869
10987
11848
9305
10981
11839
23917
31539
26066
29756
32000
31611
11855
12003
23929
10992
11857
20969
12005
23931
11858
17751
12008
23937
11864
10998
8659
12013
23928
11004
32185
27830
32948
32949
32952
32951
32950
26020
29379
11009
23946
11870
12014
21850
16175
26983
30772
30773
27032
19943
33047
30317
19941
21894
25395
28597
28598
12895
31622
20059
30213
30222
22081
16996
20295
29623
20296
22068
29624
31648
28233
25704
25706
25707
25705
25703
6546
20872
29109
32947
20193
24080
28709
32601
24081
32858
27786
20199
26694
27734
18089
32487
19295
22449
20194
27733
20195
18864
32901
32082
32902
32162
26100
17284
14211
16824
32718
23610
32665
23438
32652
31250
26797
21075
31719
21431
31100
23838
30857
30859
25785
11262
7200
20291
33050
27074
23028
26375
30949
23018
22713
22059
27077
22992
26377
24403
23367
25501
26378
26773
30989
26650
28646
26668
27140
21934
22706
25852
23034
31288
7211
25757
20887
25669
23794
27729
27730
27980
27982
22900
22896
22897
22901
20870
9291
6669
8287
6478
1510
13903
1511
16788
32296
10189
14568
32896
14908
19504
15566
31460
12532
7668
14434
31459
14907
23717
26504
30264
23703
22073
26872
26573
30269
30271
30274
30275
30281
30278
29018
25098
5398
18565
26487
27744
7135
7147
22964
1641
29108
4512
11655
12942
23054
11298
9992
9998
12952
1667
22957
23967
1674
9980
26879
22923
22921
19521
20566
20567
32204
32206
26739
26738
26736
19868
30690
30683
9539
11574
31623
24380
14577
32065
19881
20061
20815
21027
21994
31230
25468
32843
23033
22711
13727
23727
33055
32364
27375
17786
21438
22030
19314
12225
28264
27731
32004
31000
31008
12801
7257
23959
9515
20976
16173
23963
24063
23950
13198
12781
9862
25141
9681
11895
22007
11903
12036
23955
13201
24253
25148
17635
18482
23044
26064
8353
11020
23978
22083
31649
23994
10780
16792
20860
22103
24025
31588
19023
5899
19201
19311
19327
19337
19344
22614
2299
20873
20877
20885
454
24280
11011
11888
12021
24119
11030
9778
11891
14376
29762
12224
19348
24482
15574
11026
24110
11884
12017
20275
19318
19322
12217
24810
19203
11036
11896
24106
9301
11038
12031
24113
11898
11040
25142
31726
28958
22409
32175
29288
29287
10113
8794
10798
23190
26669
26778
14570
29100
21259
26956
31710
14803
22792
29007
30721
18720
21290
26740
26744
12629
31731
26958
12630
21280
31029
18109
12628
25460
21253
32651
21261
21737
1981
3481
26750
22853
21288
26754
26960
12616
21281
21283
26961
28507
22135
22139
22137
22140
19742
21725
21642
12600
18934
20474
1149
24794
22915
23789
29090
22922
18005
18004
18939
18940
18921
9354
25090
18881
15757
28818
18931
19722
31158
31879
29111
25457
17412
31883
30357
13094
20029
18924
12596
32444
28697
20450
21857
21858
6434
6436
30054
17792
16924
16833
30057
23314
13007
13006
13005
13012
13011
13010
28367
20065
30920
23982
31107
26963
26964
20867
26966
24760
13923
31436
31525
21671
21672
14215
19736
9559
32335
32254
31066
32253
31076
19779
31074
32262
32261
32172
21268
23983
31090
19776
31103
26989
26998
26992
26984
26996
19743
30530
18190
29312
29397
30529
32441
18195
30527
30528
18194
29398
29314
26094
1715
8101
29313
18196
26725
30554
26095
30553
18191
20456
28777
24356
18843
11331
27732
27807
27805
27806
27976
26366
25605
32208
29010
28278
28266
28831
28858
28985
23820
23821
28363
23808
23809
23811
28989
28983
28829
28362
28984
28980
23812
30075
28642
23805
28988
28981
24745
24535
24536
24537
16669
16729
16761
16732
16760
16730
16733
22570
22542
22519
22788
22520
22567
22569
22543
22539
22541
23151
23150
24528
24761
28364
23131
23133
23147
23148
28643
23134
23261
24744
25651
25653
25652
25646
25647
25649
25648
25641
25629
25631
25655
25654
25640
25643
23257
23220
23249
23251
23219
23258
23259
23233
23235
24743
16656
24533
24534
24674
12216
15223
16692
16691
16657
16693
28966
28967
24788
26159
26160
28968
28974
26161
26165
26162
26163
28877
28878
26169
26434
28865
28398
27070
28900
28901
28880
27505
28975
28976
16496
16491
16492
17739
19484
16488
16497
17344
16494
16495
16493
29508
26354
30997
30998
30992
30993
22732
32580
24933
15710
19703
12425
32510
11047
12037
11905
24125
31817
31038
32008
19226
19215
25461
20068
32887
14546
31121
19447
20419
26522
18963
21334
31120
7660
17622
21248
30556
24685
12227
20274
11270
15443
26474
33150
29017
31322
28928
19326
23724
32836
15650
26593
28872
22076
30188
30189
18970
26865
1066
26866
25232
13522
21119
26867
12750
30603
26731
30641
18703
28814
32888
20745
18702
28815
14415
30869
23473
25307
23482
30870
25317
3322
17708
19745
32294
25384
12652
25383
31729
31728
29076
24791
28780
28781
29077
23792
32186
30863
32187
24792
29363
18124
29359
18201
19900
29333
19918
29367
21714
21713
30149
21706
4847
29343
27527
5108
31356
2592
27200
27201
29933
5116
18261
29390
31552
14154
26097
30518
14153
27271
4059
31384
18082
21405
9904
32955
27298
3861
27319
3866
27342
29970
27355
29972
27491
29985
27412
29978
29990
27428
25524
28283
27167
10080
32893
28293
3295
10012
17034
6909
31687
31226
14531
8891
12508
6020
17247
28169
27738
21262
19048
18699
32991
12705
31208
18700
32992
31209
30168
2312
30167
18698
32993
31157
2316
7515
27940
25347
25348
25345
25096
25479
25357
25356
15307
25612
25809
14533
17390
22112
26577
15516
15769
17393
17391
14178
14177
14176
24906
24907
18986
17184
18989
32118
14857
32114
12097
16383
32222
32225
19704
8705
8703
22212
17188
18984
17695
26597
32224
10784
12077
30369
18985
15348
16384
32220
18988
14534
26603
31568
32227
18957
7191
26886
20300
13760
6569
20302
32953
20298
20299
6015
16658
12213
16700
16660
16661
16702
16899
16907
16905
16902
16901
16904
16900
23282
23287
23291
23284
23286
23283
23813
29008
28991
23817
29009
23814
29004
23818
28990
24538
24543
24539
24540
24541
24544
16695
16704
16708
16706
16703
16734
28002
28003
16735
27975
27998
16304
16736
27994
27999
26137
32120
26136
26133
26140
26138
26132
22509
22511
22514
22510
22518
22517
23136
23140
23137
23141
22502
22508
22501
22507
22504
22503
25673
25680
25672
25667
25674
25668
14936
14940
14935
14938
14928
14925
14939
14933
14937
23238
23246
23240
23248
16711
28913
28908
28917
28910
28905
28916
28909
16503
16504
16502
16505
16499
16506
16498
12266
14941
12221
12222
8914
21906
28689
21932
19486
22262
18198
26580
25851
21908
19836
19837
22934
23443
20437
30775
32009
19272
11908
12040
24127
11049
12430
21781
23071
32076
14239
29101
14238
20740
32898
32897
32899
22933
33109
22932
18899
27846
27853
23195
28671
28669
23784
25876
32969
3359
27384
5016
27408
29612
30421
9279
15737
10452
27844
20449
31546
31514
17285
24099
31656
11054
11055
31655
11056
31688
24366
25792
29695
25751
19855
32256
12651
25394
12649
25393
32257
10802
22091
31657
11058
12654
25388
32258
32292
12653
25389
32259
22705
20127
20128
20672
29537
30599
15010
32639
25863
11324
15027
26730
8348
23213
31068
31117
32339
24917
31097
19778
31099
21237
32011
18336
9299
20726
26929
28824
15716
15705
9863
7701
11059
13861
31667
21236
26075
24858
33157
24866
10194
8055
29764
28023
30645
21717
13740
26517
32192
32178
9359
26513
23166
31326
32879
22421
19335
32445
27939
6570
22839
22842
28399
28640
22841
22843
22844
27873
27874
27877
28400
22840
24912
31337
25042
29269
29265
30733
28360
18200
28135
13838
12578
26711
27335
31559
17029
21220
31060
10617
27817
11333
12833
20023
32872
20025
26180
29096
20024
32875
20026
29097
24129
15612
10803
11910
24314
22098
12280
11911
24311
11912
22097
27866
13867
26987
26986
26985
26988
26994
31841
26501
26502
31842
6889
6885
6887
15046
27865
18947
27792
9692
26782
18946
1591
32954
15331
21452
21453
21451
17187
21556
21468
17409
14168
25758
14770
27790
24133
11913
11066
12042
24694
30385
21996
22055
28651
29106
23462
6973
31766
17287
17289
19471
27131
21404
8068
8656
27128
17874
21403
26371
26365
30976
30978
29818
19412
28602
22105
5920
1025
17772
29810
19462
23622
26074
26078
26079
19414
29826
26005
29615
20989
29780
24134
7475
15633
24202
29765
30379
17764
19513
31675
24140
11070
11916
21733
26037
30381
21775
22170
1026
17894
30974
27133
19422
21401
21771
22169
28604
31537
21201
17291
22824
22827
22829
1474
23327
23326
23328
31251
8104
8416
22411
11239
11240
22410
20070
31924
24716
12228
23957
11601
22437
22436
22254
30276
30280
20095
31092
1034
17620
31734
24427
18197
28076
26068
31536
1035
1036
30307
26199
26198
28075
22187
26070
26069
26071
26072
30306
26099
923
27135
27134
6229
22191
1039
6228
1038
1037
22189
22190
17621
30524
31102
24950
32238
19488
30951
14155
24677
33203
24672
33201
27157
31498
33216
29403
21712
24683
33209
27091
22578
33219
33210
27152
24680
27118
33205
33207
33252
33250
33246
31784
24678
20888
33154
29402
24569
33221
27154
33225
24682
33222
27153
21116
16449
16450
27159
27161
33244
16118
16119
22264
27104
5923
32497
20647
20649
33502
16349
23075
31392
8950
23077
21972
2149
2193
33499
15743
22288
22284
33500
33501
32855
33494
33496
32850
33493
33495
33491
33489
28446
29012
30626
30637
30747
28447
31159
21870
27034
20328
21872
24318
1709
16632
18377
10680
26361
15524
14951
18347
10677
10683
30389
14964
14965
18366
15526
6903
18372
25093
14959
10442
25080
15531
25076
14968
6904
18369
18368
29013
15527
18367
26359
15528
25040
10682
18352
15308
18348
10685
14956
11711
18656
14958
10678
14960
14967
25392
32295
25387
15062
24915
24911
32885
14838
29730
32886
14837
30159
30604
21235
21234
21411
30494
30478
30470
23169
17408
30080
26386
23754
602
15879
15878
9252
604
15339
1992
6972
27379
29661
24713
11598
24710
12229
30732
24708
21692
30309
32370
24709
21965
26298
11600
24711
11599
24712
31753
32191
30286
22924
28356
32213
22931
21992
31476
26332
1276
29850
24834
29293
26693
19801
22930
18865
29081
22925
22928
29080
32195
31313
29772
32198
22926
23793
24799
22929
18948
28957
15127
31712
31756
31711
31761
2212
1771
18964
19835
2222
30900
2223
2228
28607
28608
28606
31935
22432
11923
11922
25626
17625
28890
27328
30400
31054
30555
19120
17003
7181
28717
10742
26091
31866
7180
17624
21244
27330
27327
31238
24199
30402
31685
5906
17002
27329
30403
10743
9965
24424
14028
14027
26869
26870
21837
31026
14029
14030
14032
14031
14466
24417
14219
25099
29663
28191
8465
23567
14222
14221
14220
30340
26572
18585
23660
31432
14366
14184
30682
14183
26810
30656
16481
10726
23730
31177
26722
23721
26259
31179
19339
19267
15148
22856
25114
31524
14132
20417
28401
26980
26299
19329
31327
31324
23663
22074
29920
5624
5626
5629
15711
30283
31108
7113
14373
31600
31505
20741
29828
23791
22918
21449
17189
20744
8709
21455
30898
30891
21454
24671
17186
18064
26283
27828
21448
10210
10211
21450
25759
21466
26889
21447
17185
22761
26648
10212
14771
30877
26800
22034
22036
22037
21921
21918
21915
21912
33059
25231
33060
25229
9826
24769
20719
22312
9840
29225
9797
9810
9822
22302
24787
9827
15980
15128
15712
26503
31840
21970
26687
18719
16305
16609
23144
23143
23254
23253
28962
28963
11125
11124
32812
11122
32814
11128
11127
11126
32500
6768
9361
26949
27758
27759
26901
17720
32216
32182
23656
14975
18353
21340
14981
30709
17404
1278
26798
26346
23152
9788
28675
28673
23783
25873
9855
9425
32581
25834
11078
22090
19033
19036
24487
19034
18556
24488
18555
19032
19038
19988
19989
19990
24493
24492
18559
18560
19029
20340
24491
18561
18552
19992
19991
18554
18557
4574
13854
24297
11925
24302
32112
22815
22812
22818
22814
22811
22810
22817
22816
19807
19041
15586
19503
22066
28892
22339
18419
15745
12390
23834
8165
21016
19145
22009
23919
24152
25146
19134
19289
22234
26084
8443
11102
12053
24174
11091
11935
12050
24179
27496
25143
11085
24150
11926
12045
8318
11938
9303
11100
24159
12057
24163
11079
11940
12062
11946
11094
13424
24047
25145
25144
27502
22237
32013
31019
32014
22213
25372
29904
26463
29905
7691
29906
33028
13562
5596
31170
32110
20845
32491
13568
26326
26322
26324
14305
14303
25368
25369
26313
32972
20451
29915
13747
20131
20129
21188
33048
21572
21571
23697
14761
25764
21578
21570
14740
28477
21565
21559
21558
23447
27831
23446
27832
22441
20773
18919
21219
27867
20772
20747
2993
32889
2994
29755
18714
18917
18918
2995
23653
26887
31114
31093
12197
27887
21620
23643
33144
22515
33142
29601
31094
32252
21313
21312
21314
15316
9256
22331
20394
22317
22299
14528
22298
31077
22416
18477
26672
16358
14521
22419
22418
32232
24333
15358
15352
23641
16793
12940
16061
16027
15336
24926
13623
12924
24501
21813
23383
17024
16116
14529
22797
17866
23776
17761
22270
12935
20584
15351
15350
24500
24741
30285
21115
15224
12069
26247
26246
15227
15225
9345
16664
16663
19485
16894
16265
16897
16898
23272
30352
23270
23279
23280
19705
23804
24555
24564
24565
24566
24558
26605
14175
14174
15235
15233
12991
9344
16749
16300
16306
16766
16307
26123
26142
26144
26131
21801
8699
22533
22535
22536
22537
23160
23407
23406
22545
22548
22549
22550
25638
25636
25644
25683
19489
14852
19490
13832
14920
23216
23236
15237
15239
16721
16665
28903
16455
16524
16525
15243
16843
15241
14854
20918
12261
12262
12260
14924
13809
12263
31570
20742
21127
21131
28745
28753
28756
28767
21165
21161
17795
30299
30300
21166
21170
30303
30301
30304
30302
30297
30298
21174
24425
30288
30289
21148
21152
30291
30265
30325
29617
21140
21144
30295
30296
30293
30294
30305
16995
11951
21004
11949
21005
31223
28352
28490
16484
20861
30414
24693
24949
14050
29396
24459
24871
19469
26875
29831
29834
26874
19415
29827
26873
19459
16451
27331
25112
29466
26012
29677
29678
21367
17301
29688
29679
26013
29680
21368
28612
28613
31229
22836
32217
21416
17897
21395
17900
17901
17303
29692
22018
25396
29687
28616
13032
9362
22182
21355
26016
10118
21315
10117
21316
21318
27136
12711
29473
29458
29460
29459
15185
28614
28615
21779
21780
29465
29467
14249
17886
28622
28623
21397
32275
28731
24426
32276
21417
21418
21323
21359
22179
17895
29694
29471
29468
15186
27137
26022
26025
17293
17294
17295
17298
28724
32271
26017
17891
21393
29690
13400
21324
22174
22022
21865
22176
17892
10104
1048
29693
27138
21688
17889
13403
29472
29470
32277
29469
28609
28610
15189
28611
17304
22837
21135
17306
17308
26018
22838
17310
17312
29605
29606
32343
28200
10197
18942
25453
23252
25296
10199
18943
10200
23165
23203
1001
23204
15749
12384
7513
1440
32573
32575
15067
32586
22865
22078
25464
11244
29922
26784
14822
11721
10645
27869
22435
26898
14986
25019
26001
25547
25027
29669
14995
15002
22727
15529
15975
30697
10664
30704
30995
29610
13425
13426
29611
31002
16601
11953
13606
24300
16600
11952
13602
28389
21246
13600
28887
14811
9372
11603
24524
10945
24470
8168
582
21958
31033
31682
11954
12764
13607
23624
326
586
21203
3148
22663
24172
21209
24431
24892
6165
16164
335
590
22669
24151
21210
25149
19248
19256
31816
32015
31184
18386
28166
17932
29597
27516
22245
27506
22239
24827
11956
16597
11957
12789
24289
11109
25147
24876
24947
25332
29838
25331
19430
13056
13319
21008
31673
28388
13035
19441
28703
29844
15628
24120
29845
13209
24121
19436
13043
1006
6227
17025
12765
11963
32263
30504
28624
17904
21412
31651
13629
17626
29198
22015
14252
12763
30211
28285
26093
26092
17903
21413
19055
19056
11964
19449
29676
12233
11965
30670
24304
24303
27803
10429
31319
27798
10423
11386
10425
27799
27797
27800
27801
11385
27802
29226
10426
10418
31979
10421
26591
26585
26588
22149
32108
31149
31164
32454
32102
32161
20868
20482
6957
31645
7709
20483
8060
20301
20491
17431
31643
9434
9020
20487
1477
16634
28811
15273
25604
28810
12703
22582
31777
16653
21339
23490
22106
2331
29386
12704
22583
22584
18856
31776
30387
26732
30601
30640
30639
30669
26733
30386
26735
14237
23659
14436
22075
31431
31705
31095
23981
23037
17349
21136
29604
28133
23675
23674
30308
23395
29027
29028
29023
29029
29025
29026
29024
29020
29022
24739
24740
23313
9233
900
24901
24899
24900
24898
9414
902
16112
16110
16207
16205
26243
15342
21661
15315
15344
15345
2004
21679
21680
12083
25469